1 1 11
2 12 18
3 19 25
4 26 36
5 37 45
6 46 58
7 59 69
8 70 84
9 85 92
10 93 108
11 109 116
12 117 123
13 124 131
14 132 144
15 145 151
16 152 159
17 160 169
18 170 184
19 185 197
20 198 208
21 209 223
22 224 230
23 231 243
24 244 254
25 255 267
26 268 275
27 276 290
28 291 300
29 301 310
30 311 321
31 322 334
32 335 345
33 346 360
34 361 367
35 368 377
36 378 385
37 386 395
38 396 406
39 407 417
40 418 432
41 433 439
42 440 444
43 445 452
44 453 465
45 466 478
46 479 486
47 487 491
48 492 497
49 498 502
50 503 507
51 508 518
52 519 523
53 524 532
54 533 543
55 544 552
56 553 567
57 568 580
58 581 589
59 590 600
60 601 611
61 612 617
62 618 622
63 623 632
64 633 640
65 641 653
66 654 662
67 663 673
68 674 684
69 685 697
70 698 707
71 708 722
72 723 733
73 734 739
74 740 747
75 748 760
76 761 766
77 767 773
78 774 780
79 781 788
80 789 799
81 800 810
82 811 817
83 818 832
84 833 843
85 844 852
86 853 865
87 866 876
88 877 884
89 885 889
90 890 895
91 896 906
92 907 919
93 920 934
94 935 940
95 941 948
96 949 961
97 962 969
98 970 984
99 985 995
100 996 1006
101 1007 1017
102 1018 1025
103 1026 1036
104 1037 1051
105 1052 1064
106 1065 1072
107 1073 1079
108 1080 1090
109 1091 1095
110 1096 1100
111 1101 1105
112 1106 1112
113 1113 1127
114 1128 1132
115 1133 1147
116 1148 1160
117 1161 1169
118 1170 1180
119 1181 1189
120 1190 1200
121 1201 1210
122 1211 1218
123 1219 1233
124 1234 1241
125 1242 1246
126 1247 1253
127 1254 1262
128 1263 1273
129 1274 1281
130 1282 1289
131 1290 1297
132 1298 1305
133 1306 1316
134 1317 1331
135 1332 1344
136 1345 1349
137 1350 1357
138 1358 1372
139 1373 1387
140 1388 1394
141 1395 1405
142 1406 1413
143 1414 1424
144 1425 1435
145 1436 1450
146 1451 1460
147 1461 1471
148 1472 1479
149 1480 1487
150 1488 1498
151 1499 1511
152 1512 1518
153 1519 1525
154 1526 1533
155 1534 1541
156 1542 1549
157 1550 1560
158 1561 1571
159 1572 1578
160 1579 1589
161 1590 1596
162 1597 1603
163 1604 1614
164 1615 1623
165 1624 1636
166 1637 1647
167 1648 1662
168 1663 1670
169 1671 1678
170 1679 1686
171 1687 1693
172 1694 1701
173 1702 1714
174 1715 1721
175 1722 1729
176 1730 1739
177 1740 1754
178 1755 1767
179 1768 1778
180 1779 1793
181 1794 1800
182 1801 1813
183 1814 1824
184 1825 1837
185 1838 1845
186 1846 1860
187 1861 1870
188 1871 1880
189 1881 1891
190 1892 1904
191 1905 1915
192 1916 1930
193 1931 1937
194 1938 1947
195 1948 1955
196 1956 1965
197 1966 1976
198 1977 1987
199 1988 2002
200 2003 2009
201 2010 2014
202 2015 2022
203 2023 2035
204 2036 2048
205 2049 2056
206 2057 2061
207 2062 2067
208 2068 2072
209 2073 2077
210 2078 2088
211 2089 2093
212 2094 2102
213 2103 2113
214 2114 2122
215 2123 2137
216 2138 2150
217 2151 2159
218 2160 2170
219 2171 2181
220 2182 2187
221 2188 2192
222 2193 2202
223 2203 2210
224 2211 2223
225 2224 2232
226 2233 2243
227 2244 2254
228 2255 2267
229 2268 2277
230 2278 2292
231 2293 2303
232 2304 2309
233 2310 2317
234 2318 2330
235 2331 2336
236 2337 2343
237 2344 2350
238 2351 2358
239 2359 2369
240 2370 2380
241 2381 2387
242 2388 2402
243 2403 2413
244 2414 2422
245 2423 2435
246 2436 2446
247 2447 2454
248 2455 2459
249 2460 2465
250 2466 2476
251 2477 2489
252 2490 2504
253 2505 2510
254 2511 2518
255 2519 2531
256 2532 2539
257 2540 2554
258 2555 2565
259 2566 2576
260 2577 2587
261 2588 2595
262 2596 2606
263 2607 2621
264 2622 2634
265 2635 2642
266 2643 2649
267 2650 2660
268 2661 2665
269 2666 2670
270 2671 2675
271 2676 2682
272 2683 2697
273 2698 2702
274 2703 2717
275 2718 2730
276 2731 2739
277 2740 2750
278 2751 2759
279 2760 2770
280 2771 2780
281 2781 2788
282 2789 2803
283 2804 2811
284 2812 2816
285 2817 2823
286 2824 2832
287 2833 2843
288 2844 2851
289 2852 2859
290 2860 2867
291 2868 2875
292 2876 2886
293 2887 2901
294 2902 2914
295 2915 2919
296 2920 2927
297 2928 2942
298 2943 2957
299 2958 2964
300 2965 2975
301 2976 2983
302 2984 2994
303 2995 3005
304 3006 3020
305 3021 3030
306 3031 3041
307 3042 3049
308 3050 3057
309 3058 3068
310 3069 3081
311 3082 3088
312 3089 3095
313 3096 3103
314 3104 3111
315 3112 3119
316 3120 3130
317 3131 3141
318 3142 3148
319 3149 3159
320 3160 3166
321 3167 3173
322 3174 3184
323 3185 3193
324 3194 3206
325 3207 3217
326 3218 3232
327 3233 3240
328 3241 3248
329 3249 3256
330 3257 3263
331 3264 3271
332 3272 3284
333 3285 3291
334 3292 3299
335 3300 3319
336 3320 3334
337 3335 3347
338 3348 3358
339 3359 3373
340 3374 3380
341 3381 3393
342 3394 3404
343 3405 3417
344 3418 3425
345 3426 3440
346 3441 3450
347 3451 3460
348 3461 3471
349 3472 3484
350 3485 3495
351 3496 3510
352 3511 3517
353 3518 3527
354 3528 3535
355 3536 3545
356 3546 3556
357 3557 3567
358 3568 3582
359 3583 3589
360 3590 3594
361 3595 3602
362 3603 3615
363 3616 3628
364 3629 3636
365 3637 3641
366 3642 3647
367 3648 3652
368 3653 3657
369 3658 3668
370 3669 3673
371 3674 3682
372 3683 3693
373 3694 3702
374 3703 3717
375 3718 3730
376 3731 3739
377 3740 3750
378 3751 3761
379 3762 3767
380 3768 3772
381 3773 3782
382 3783 3790
383 3791 3803
384 3804 3812
385 3813 3823
386 3824 3834
387 3835 3847
388 3848 3857
389 3858 3872
390 3873 3883
391 3884 3889
392 3890 3897
393 3898 3910
394 3911 3916
395 3917 3923
396 3924 3930
397 3931 3938
398 3939 3949
399 3950 3960
400 3961 3967
401 3968 3982
402 3983 3993
403 3994 4002
404 4003 4015
405 4016 4026
406 4027 4034
407 4035 4039
408 4040 4045
409 4046 4056
410 4057 4069
411 4070 4084
412 4085 4090
413 4091 4098
414 4099 4111
415 4112 4119
416 4120 4134
417 4135 4145
418 4146 4156
419 4157 4167
420 4168 4175
421 4176 4186
422 4187 4201
423 4202 4214
424 4215 4222
425 4223 4229
426 4230 4240
427 4241 4245
428 4246 4250
429 4251 4255
430 4256 4262
431 4263 4277
432 4278 4282
433 4283 4297
434 4298 4310
435 4311 4319
436 4320 4330
437 4331 4339
438 4340 4350
439 4351 4360
440 4361 4368
441 4369 4383
442 4384 4391
443 4392 4396
444 4397 4403
445 4404 4412
446 4413 4423
447 4424 4431
448 4432 4439
449 4440 4447
450 4448 4455
451 4456 4466
452 4467 4481
453 4482 4494
454 4495 4499
455 4500 4507
456 4508 4522
457 4523 4537
458 4538 4544
459 4545 4555
460 4556 4563
461 4564 4574
462 4575 4585
463 4586 4600
464 4601 4610
465 4611 4621
466 4622 4629
467 4630 4637
468 4638 4648
469 4649 4661
470 4662 4668
471 4669 4675
472 4676 4683
473 4684 4691
474 4692 4699
475 4700 4710
476 4711 4721
477 4722 4728
478 4729 4739
479 4740 4746
480 4747 4753
481 4754 4764
482 4765 4773
483 4774 4786
484 4787 4797
485 4798 4812
486 4813 4820
487 4821 4828
488 4829 4836
489 4837 4843
490 4844 4851
491 4852 4864
492 4865 4871
493 4872 4879
494 4880 4889
495 4890 4904
496 4905 4917
497 4918 4928
498 4929 4943
499 4944 4950
500 4951 4963
501 4964 4974
502 4975 4987
503 4988 4995
504 4996 5010
505 5011 5020
506 5021 5030
507 5031 5041
508 5042 5054
509 5055 5065
510 5066 5080
511 5081 5087
512 5088 5097
513 5098 5105
514 5106 5115
515 5116 5126
516 5127 5137
517 5138 5152
518 5153 5159
519 5160 5164
520 5165 5172
521 5173 5185
522 5186 5198
523 5199 5206
524 5207 5211
525 5212 5217
526 5218 5222
527 5223 5227
528 5228 5238
529 5239 5243
530 5244 5252
531 5253 5263
532 5264 5272
533 5273 5287
534 5288 5300
535 5301 5309
536 5310 5320
537 5321 5331
538 5332 5337
539 5338 5342
540 5343 5352
541 5353 5360
542 5361 5373
543 5374 5382
544 5383 5393
545 5394 5404
546 5405 5417
547 5418 5427
548 5428 5442
549 5443 5453
550 5454 5459
551 5460 5467
552 5468 5480
553 5481 5486
554 5487 5493
555 5494 5500
556 5501 5508
557 5509 5519
558 5520 5530
559 5531 5537
560 5538 5552
561 5553 5563
562 5564 5572
563 5573 5585
564 5586 5596
565 5597 5604
566 5605 5609
567 5610 5615
568 5616 5626
569 5627 5639
570 5640 5654
571 5655 5660
572 5661 5668
573 5669 5681
574 5682 5689
575 5690 5704
576 5705 5715
577 5716 5726
578 5727 5737
579 5738 5745
580 5746 5756
581 5757 5771
582 5772 5784
583 5785 5792
584 5793 5799
585 5800 5810
586 5811 5815
587 5816 5820
588 5821 5825
589 5826 5832
590 5833 5847
591 5848 5852
592 5853 5867
593 5868 5880
594 5881 5889
595 5890 5900
596 5901 5909
597 5910 5920
598 5921 5930
599 5931 5938
600 5939 5953
601 5954 5961
602 5962 5966
603 5967 5973
604 5974 5982
605 5983 5993
606 5994 6001
607 6002 6009
608 6010 6017
609 6018 6025
610 6026 6036
611 6037 6051
612 6052 6064
613 6065 6069
614 6070 6077
615 6078 6092
616 6093 6107
617 6108 6114
618 6115 6125
619 6126 6133
620 6134 6144
621 6145 6155
622 6156 6170
623 6171 6180
624 6181 6191
625 6192 6199
626 6200 6207
627 6208 6218
628 6219 6231
629 6232 6238
630 6239 6245
631 6246 6253
632 6254 6261
633 6262 6269
634 6270 6280
635 6281 6291
636 6292 6298
637 6299 6311
638 6312 6324
639 6325 6337
640 6338 6350
641 6351 6352
642 6353 6354
643 6355 6356
644 6357 6358
645 6359 6360
646 6361 6373
647 6374 6391
648 6392 6393
649 6394 6395
650 6396 6408
651 6409 6421
652 6422 6423
653 6424 6425
654 6426 6438
655 6439 6451
656 6452 6464
657 6465 6477
658 6478 6490
659 6491 6503
660 6504 6505
661 6506 6507
662 6508 6509
663 6510 6511
664 6512 6513
665 6514 6515
666 6516 6517
667 6518 6519
668 6520 6532
669 6533 6545
670 6546 6547
671 6548 6549
672 6550 6562
673 6563 6575
674 6576 6588
675 6589 6590
676 6591 6592
677 6593 6605
678 6606 6618
679 6619 6620
680 6621 6633
681 6634 6646
682 6647 6659
684 6660 6661
685 6662 6674
686 6675 6692
687 6693 6694
688 6695 6696
689 6697 6698
690 6699 6711
693 6712 6713
694 6714 6715
