0 0 -3 -3 0.307038 0.307046
0 0 -3 -2 0.192065 0.192089
0 0 -3 -1 0.237233 0.237232
0 0 -3 0 0.195196 0.195176
0 0 -3 1 0.104412 0.104435
0 0 -3 2 0.168699 0.168709
0 0 -3 3 0.065617 0.065650
0 0 -2 -3 0.174221 0.174206
0 0 -2 -2 0.135097 0.135076
0 0 -2 -1 0.138938 0.138963
0 0 -2 0 0.195434 0.195452
0 0 -2 1 0.166845 0.166833
0 0 -2 2 0.074222 0.074217
0 0 -2 3 0.006843 0.006851
0 0 -1 -3 0.219525 0.219530
0 0 -1 -2 0.201855 0.201854
0 0 -1 -1 0.341921 0.341909
0 0 -1 0 0.461285 0.461287
0 0 -1 1 0.132089 0.132082
0 0 -1 2 0.001119 0.001099
0 0 -1 3 0.000575 0.000500
0 0 0 -3 0.059598 0.059607
0 0 0 -2 0.102886 0.102913
0 0 0 -1 0.232566 0.232539
0 0 0 0 1.000000 1.000000
0 0 0 1 0.232566 0.232539
0 0 0 2 0.102886 0.102913
0 0 0 3 0.059598 0.059607
0 0 1 -3 0.000575 0.000500
0 0 1 -2 0.001119 0.001099
0 0 1 -1 0.132089 0.132082
0 0 1 0 0.461285 0.461287
0 0 1 1 0.341921 0.341909
0 0 1 2 0.201855 0.201854
0 0 1 3 0.219525 0.219530
0 0 2 -3 0.006843 0.006851
0 0 2 -2 0.074222 0.074217
0 0 2 -1 0.166845 0.166833
0 0 2 0 0.195434 0.195452
0 0 2 1 0.138938 0.138963
0 0 2 2 0.135097 0.135076
0 0 2 3 0.174221 0.174206
0 0 3 -3 0.065617 0.065650
0 0 3 -2 0.168699 0.168709
0 0 3 -1 0.104412 0.104435
0 0 3 0 0.195196 0.195176
0 0 3 1 0.237233 0.237232
0 0 3 2 0.192065 0.192089
0 0 3 3 0.307038 0.307046
